Starting log at 2023-05-13 23:58:01.690416

{
	Count : 9
	Injected : [[[[ 1.9188021e-01  2.9578529e-02 -2.2733860e-01  6.2094587e-01
    -2.1639085e-01 -4.2679259e-03]]

  [[-3.8214933e-02  2.4258570e-01 -4.2199466e-01  4.5512858e-01
    -2.2705610e-01 -2.7746552e-01]]

  [[ 1.9866069e-01  1.7575835e-01 -4.6371266e-01 -2.7675489e-01
    -3.6552638e-02 -2.6641238e-01]]

  [[ 4.0946957e-01  1.0485760e+06 -2.7182946e-01 -3.3260459e-01
     5.9894007e-02 -2.4772500e-01]]

  [[-3.3809498e-02 -8.4133066e-02  5.7304610e-02 -2.1704842e-01
    -5.7149868e-02 -2.8124779e-02]]]


 [[[ 2.6597124e-01  6.5978996e-02 -5.3385967e-01  4.9033868e-01
    -4.1300077e-02 -5.3255367e-01]]

  [[ 2.8147283e-01 -2.5389215e-01 -3.0041975e-01 -2.1957679e-02
    -7.7123813e-02 -6.2518120e-01]]

  [[ 5.0176597e-01 -2.9080856e-01 -2.4541451e-01 -4.9642986e-01
    -4.7208603e-02 -6.3098836e-01]]

  [[ 5.5148345e-01 -2.5662300e-01 -5.1437378e-02 -3.3939818e-01
     3.9075121e-01 -7.2055888e-01]]

  [[ 6.3198626e-01 -2.3896554e-01  1.5350813e-03 -8.1711285e-02
    -2.4152838e-01 -3.8918921e-01]]]


 [[[-1.7946112e-01 -5.3820544e-01 -2.9860207e-01  2.4009782e-01
    -3.0683005e-01 -7.3366272e-01]]

  [[-1.7635809e-01 -5.6947166e-01 -1.2128350e-01 -3.8028303e-01
    -3.2103094e-01 -5.5498010e-01]]

  [[ 5.7873052e-02 -6.7445630e-01  2.2890981e-01 -5.7844543e-01
     2.1786305e-01 -6.6414416e-01]]

  [[ 2.2833742e-01 -6.9763398e-01  5.2960902e-01 -2.5865814e-01
     4.7159976e-01 -9.6800071e-01]]

  [[ 6.8900007e-01 -4.9482107e-01  1.8647066e-01  9.1129281e-02
    -4.0559062e-01 -4.5677814e-01]]]


 [[[-5.6272739e-01 -4.2698348e-01 -1.9053571e-01  3.3829138e-03
    -4.9642283e-01 -5.9181970e-01]]

  [[-5.3215498e-01 -7.7192968e-01  3.4737551e-01 -3.1519011e-01
    -9.6948482e-02 -5.9427047e-01]]

  [[-6.0997647e-01 -7.6280177e-01  6.6194904e-01 -3.9813110e-01
     3.4534678e-01 -6.4450669e-01]]

  [[-2.5290370e-01 -7.3344195e-01  7.0217085e-01 -2.9310012e-01
     4.6841627e-01 -7.4404454e-01]]

  [[ 4.0544999e-01 -7.6487416e-01 -1.7160369e-02  1.0448462e-01
    -1.3665408e-01 -3.4562868e-01]]]


 [[[-4.5356977e-01 -3.1831178e-01  3.4970748e-01 -2.5921175e-01
    -3.3420226e-01 -3.9270389e-01]]

  [[-3.2708859e-01 -4.5099044e-01  6.8186444e-01 -1.6760406e-01
    -1.6070059e-01 -4.9779546e-01]]

  [[-5.1589429e-01 -7.1866471e-01  6.0340291e-01 -1.2171498e-01
     6.2153447e-01 -5.6478530e-01]]

  [[-3.0143324e-01 -5.6398052e-01 -7.5725466e-02  7.4625120e-02
     7.4500096e-01 -4.7669992e-01]]

  [[ 3.3901531e-01 -5.0387251e-01  2.2662051e-02  2.6166320e-01
     3.0694872e-01 -2.4222301e-01]]]]
	OpName : Ops.IDENTITY
	Original : [[[[ 0.19188021  0.02957853 -0.2273386   0.6209459  -0.21639085
    -0.00426793]]

  [[-0.03821493  0.2425857  -0.42199466  0.45512858 -0.2270561
    -0.27746552]]

  [[ 0.19866069  0.17575835 -0.46371266 -0.2767549  -0.03655264
    -0.26641238]]

  [[ 0.40946957  0.03326767 -0.27182946 -0.3326046   0.05989401
    -0.247725  ]]

  [[-0.0338095  -0.08413307  0.05730461 -0.21704842 -0.05714987
    -0.02812478]]]


 [[[ 0.26597124  0.065979   -0.53385967  0.49033868 -0.04130008
    -0.5325537 ]]

  [[ 0.28147283 -0.25389215 -0.30041975 -0.02195768 -0.07712381
    -0.6251812 ]]

  [[ 0.50176597 -0.29080856 -0.24541451 -0.49642986 -0.0472086
    -0.63098836]]

  [[ 0.55148345 -0.256623   -0.05143738 -0.33939818  0.3907512
    -0.7205589 ]]

  [[ 0.63198626 -0.23896554  0.00153508 -0.08171128 -0.24152838
    -0.3891892 ]]]


 [[[-0.17946112 -0.53820544 -0.29860207  0.24009782 -0.30683005
    -0.7336627 ]]

  [[-0.17635809 -0.56947166 -0.1212835  -0.38028303 -0.32103094
    -0.5549801 ]]

  [[ 0.05787305 -0.6744563   0.2289098  -0.57844543  0.21786305
    -0.66414416]]

  [[ 0.22833742 -0.697634    0.529609   -0.25865814  0.47159976
    -0.9680007 ]]

  [[ 0.68900007 -0.49482107  0.18647066  0.09112928 -0.40559062
    -0.45677814]]]


 [[[-0.5627274  -0.42698348 -0.19053571  0.00338291 -0.49642283
    -0.5918197 ]]

  [[-0.532155   -0.7719297   0.3473755  -0.3151901  -0.09694848
    -0.59427047]]

  [[-0.6099765  -0.76280177  0.66194904 -0.3981311   0.34534678
    -0.6445067 ]]

  [[-0.2529037  -0.73344195  0.70217085 -0.29310012  0.46841627
    -0.74404454]]

  [[ 0.40545    -0.76487416 -0.01716037  0.10448462 -0.13665408
    -0.34562868]]]


 [[[-0.45356977 -0.31831178  0.34970748 -0.25921175 -0.33420226
    -0.3927039 ]]

  [[-0.3270886  -0.45099044  0.68186444 -0.16760406 -0.16070059
    -0.49779546]]

  [[-0.5158943  -0.7186647   0.6034029  -0.12171498  0.62153447
    -0.5647853 ]]

  [[-0.30143324 -0.5639805  -0.07572547  0.07462512  0.74500096
    -0.47669992]]

  [[ 0.3390153  -0.5038725   0.02266205  0.2616632   0.30694872
    -0.24222301]]]]
	Time : 0:00:40.631232
 }
